[16, 10, 4] 40 200 2000 0.05
[4.804999999999971, 14.575999999999905]
[6.94999999999995, 27.11999999999985]
[7.965999999999954, 33.40799999999982]
[8.061999999999967, 35.359999999999864]
[4.40799999999996, 10.255999999999915]
[4.439999999999957, 10.55599999999991]
[4.338999999999953, 10.123999999999914]
[4.302999999999958, 9.995999999999903]
[4.16199999999996, 9.283999999999924]
[4.336999999999955, 10.055999999999909]
[4.218999999999961, 9.787999999999926]
[4.163999999999961, 9.583999999999921]
[4.275999999999962, 10.043999999999912]
[4.141999999999959, 9.687999999999917]
[4.320999999999956, 11.347999999999901]
[4.89599999999996, 14.135999999999893]
[4.99999999999996, 14.283999999999876]
[4.323999999999958, 10.347999999999903]
[4.230999999999957, 9.723999999999931]
[4.463999999999959, 11.443999999999896]
[4.365999999999952, 11.239999999999906]
[4.462999999999956, 11.755999999999899]
[4.235999999999956, 10.067999999999916]
[4.29899999999996, 10.1559999999999]
[4.265999999999955, 10.01199999999991]
[4.249999999999954, 10.07999999999991]
[4.562999999999956, 11.41199999999991]
[4.187999999999956, 9.935999999999911]
[4.4889999999999635, 11.06799999999991]
[4.680999999999959, 12.391999999999882]
[4.838999999999956, 14.071999999999894]
[4.475999999999953, 11.323999999999907]
[5.133999999999963, 14.251999999999862]
[4.4869999999999575, 11.271999999999894]
[4.745999999999964, 13.775999999999877]
[4.536999999999959, 11.1599999999999]
[4.471999999999962, 10.815999999999903]
[4.435999999999961, 11.223999999999902]
[4.549999999999964, 13.703999999999871]
[4.652999999999955, 12.627999999999888]