[16, 8, 8, 4] 40 200 2000 0.1
[5.384999999999965, 18.215999999999873]
[6.857999999999962, 28.255999999999858]
[4.216999999999957, 9.743999999999941]
[5.515999999999961, 16.087999999999866]
[4.191999999999961, 10.96399999999991]
[4.349999999999959, 10.8239999999999]
[4.473999999999954, 10.883999999999915]
[5.350999999999963, 18.31599999999988]
[5.086999999999959, 16.175999999999878]
[5.494999999999959, 18.107999999999883]
[5.160999999999966, 16.695999999999877]
[4.300999999999959, 10.551999999999904]
[4.475999999999963, 10.647999999999906]
[4.2839999999999545, 11.479999999999905]
[4.25199999999996, 10.919999999999918]
[6.3719999999999635, 22.379999999999917]
[5.522999999999964, 18.943999999999907]
[5.369999999999967, 18.23999999999988]
[5.392999999999971, 19.775999999999865]
[6.377999999999963, 23.11199999999987]
[6.768999999999968, 24.99999999999987]
[7.822999999999972, 33.45599999999985]
[4.401999999999956, 11.36799999999989]
[4.705999999999952, 14.471999999999891]
[4.370999999999957, 10.595999999999917]
[4.491999999999962, 12.175999999999894]
[5.409999999999965, 16.223999999999847]
[6.859999999999963, 26.71599999999985]
[6.68699999999996, 27.44399999999987]
[9.764999999999974, 43.87599999999994]
[4.574999999999967, 12.467999999999888]
[4.414999999999961, 10.467999999999913]
[4.1409999999999565, 9.791999999999916]
[4.174999999999952, 9.191999999999913]
[4.2479999999999585, 9.623999999999933]
[4.351999999999956, 10.423999999999918]
[4.062999999999953, 8.983999999999927]
[4.194999999999956, 10.103999999999917]
[4.310999999999956, 10.023999999999916]
[4.244999999999953, 9.73599999999991]