[16, 10, 4] 20 200 2000 0.1
[4.222999999999957, 9.547999999999924]
[4.898999999999959, 14.467999999999872]
[4.281999999999958, 9.78799999999993]
[4.634999999999964, 10.579999999999911]
[4.965999999999965, 12.411999999999887]
[6.8289999999999695, 22.63999999999987]
[4.949999999999962, 13.799999999999875]
[4.384999999999963, 10.831999999999912]
[4.733999999999958, 13.14399999999988]
[5.457999999999959, 15.751999999999871]
[4.883999999999965, 13.243999999999893]
[4.7109999999999586, 13.575999999999885]
[5.887999999999964, 19.09599999999987]
[6.021999999999958, 21.06399999999988]
[5.78499999999996, 19.39599999999986]
[5.773999999999962, 19.639999999999873]
[6.089999999999968, 22.311999999999866]
[4.9059999999999615, 14.483999999999877]
[4.84999999999996, 13.639999999999882]
[5.032999999999966, 16.147999999999886]